0.414278705424375
0.172436118661574
0.0173677738317688
0.144663111310855
0.469374417314976
0.0362579397597216
0.450529007254287
0.390210752577903
0.305212568324047
0.374648480936560
0.352121429981668
0.262788641376991
0.226172011858951
0.324418928977713
0.336052744972869
0.461358762934062
0.200328218297131
0.159717974087673
0.418459267155061
0.181360897795994
0.438446176708497
0.0550352302380576
0.220186141865095
0.454676661610655
0.202495130871480
0.423082491552494
0.367412742358945
0.412307476540492
0.333464079528534
0.329142522520964
0.472339184304036
0.404535833888518
0.179909486743290
0.498122134271866
0.358329609549492
0.176806730355416
0.159431540572475
0.110847138094428
0.387939857575086
0.348765309889892
0.0854035254203459
0.253332883071285
0.177943995086550
0.223373611798745
0.156293477367551
0.331740574044681
0.430204222335589
0.0253286171319058
0.218830513928511
0.367872536774785
0.263843696501653
0.0650050092545431
0.284930232833991
0.226182391917074
0.393624005364551
0.300688428947820
0.0469827474039725
0.327843112372046
0.434217962897294
0.372807336539536
0.114236300793838
0.423151292809497
0.272535970939598
0.315572032574907
0.123355826642270
0.324591201940864
0.446224730700184
0.0208465649503398
0.201328831739759
0.492003136176143
0.0502883579472232
0.162047993591499
0.308992854581036
0.102472188945468
0.276419588387138
0.183601189461035
0.360385763598351
0.225153719641967
0.247860739240996
0.0889774864959804
0.336754872610224
0.352144090709991
0.441014781958490
0.143050553708288
0.0250291907942464
0.495589448297657
0.264467527792292
0.289175556759788
0.176809381895041
0.223707209927121
0.258737340918427
0.385639711837229
0.486555987682482
0.470740765476411
0.341830475448703
0.167365877362332
0.0313479681859935
0.0523748159202871
0.158028830353283
0.451350079220443
0.314055861788669
0.222369179989509
0.275695763339095
0.0617113558738485
0.151164116243310
0.180606859430480
0.159272759698082
0.286341045163506
0.386825665305512
0.165439772482984
0.415100339437102
0.481557508637629
0.276278844613478
0.0280541601369224
0.429387974366162
0.0803205076146861
0.348219944827739
0.237091867985166
0.240105986668102
0.402786781686585
0.00298308926798380
0.158757126581936
0.0594781605371125
0.0961459438399386
0.0709607916320513
0.0545861340265321
0.274424456681261
0.116298999053434
0.239889962175766
0.360274822662461
0.399572885310349
0.483786084244457
0.445633795824191
0.0782247114958353
0.0475068090973341
0.285747008252372
0.0934772873353166
0.0831579193121982
0.337972959518308
0.293643401843862
0.0897898259807367
0.0774498031694777
0.345605263026497
0.360868191887432
0.188690476996021
0.0212968743986917
0.385989758579152
0.424799989421375
0.0846821640876992
0.467401431707233
0.0992647450069398
0.203692897041826
0.278166183168258
0.408581705495798
0.133495210444655
0.230515397736479
0.0141370284626445
0.0462183253079913
0.166962175955835
0.492890897993086
0.419333424809285
0.0408869905030728
0.482713326364603
0.472690020293371
0.242255359815314
0.459054373870705
0.0737266285773780
0.245115064527605
0.0286417332483311
0.211184266320215
0.221795723274036
0.293546582073026
0.373626911042828
0.337044904700646
0.365659707154293
0.194850221497591
0.410003316824624
0.371602955509360
0.287881653720552
0.231054290804929
0.0104015760818689
0.132708727491080
0.100070560021285
0.306311070470554
0.120936578684223
0.268835360372697
0.469881840316497
0.349298932597327
0.239359368870542
0.0748353534862014
0.332975204627291
0.472796615571545
0.191710612922932
0.134243071460032
0.102083957291292
0.0548199071838305
0.287759135504315
0.409975756300606
0.0310120517639389
0.250801478246146
0.231756447457521
0.246392346484587
0.462139700354529
0.252376663087494
0.300658776548739
0.437380221807108
0.118645564728704
0.0769883248298064
0.247491160740365
0.0908118309662415
0.133680203663002
0.290108263807312
0.0434024082653011
0.358128183389363
0.483946888103303
0.114768557046871
0.0725797584559332
0.100308465511755
0.341594630359974
0.422736581220449
0.154588114426478
0.107688616248949
0.152440409053943
0.288590607309359
0.0944659600301998
0.376881278566576
0.229676778235086
0.266571439485970
0.0513560661856347
0.499167151659355
0.0954634446752518
0.498325529940772
0.230602860694422
0.0541326410223865
0.462495090478390
0.0303495612644871
0.124323045374380
0.417039343723388
0.394016553467728
0.447393979030481
0.186177946562161
0.199501929067705
0.254696451953885
0.142360281868678
0.310899211823522
0.423434397102028
0.0787954781420011
0.366414708910654
0.493765313459675
0.0642346829668710
0.0657467423607848
0.188833701691425
0.423303893011284
0.167856425043317
0.312420774198553
0.475853662453209
0.393531462168047
0.116340754275156
0.0188021489629966
0.222683594649698
0.242619362260424
0.252748770048149
0.313734903402672
0.280241269676931
0.100421483623572
0.425344587780168
0.388405103193917
0.461320471706785
0.0698681587244783
0.121365239561773
0.0594007299424923
0.101669497810751
0.0687111160630768
0.0488897977611296
0.401919542912585
0.374256356898809
0.235089117383298
0.310883240232662
0.107393076404755
0.0441192113214612
0.264789626615812
0.485028321494455
0.372635664517061
0.253146427612354
0.166118769343654
0.146648304610314
0.229288672344817
0.312697781694097
0.0124849445569322
0.0246266889130121
0.309301311163317
0.205020653567057
0.361785472145945
0.165783504802763
0.109450860096219
0.418411427905457
0.214656491101564
0.399410136467611
0.205532370084352
0.475187493889963
0.0417933613913923
0.0192346987160161
0.168230808903606
0.0267289893682363
0.140477243246993
0.498511361812501
0.163121709981083
0.0101261404488902
0.151891059725260
0.393281830837510
0.0599035563636403
0.394651507214726
0.0958455726927289
0.494141586167512
0.293424956306096
0.0433680541592649
0.438523344047024
0.292970714222198
0.0773899123966632
0.214288602284556
0.338553395528296
0.379439751073841
0.410345718550230
0.417651449454388
0.301786803334859
0.0391594784570112
0.137433798136954
0.119845100133911
0.241095250667122
0.0666425989144240
0.178450999866192
0.161771212873036
0.486761457511150
0.0537597681377514
0.0147611923143822
0.0108195153183534
0.0303594927638566
0.0310808727740448
0.263991862461685
0.311030321059008
0.0484864868472236
0.378282491884921
0.252939235494463
0.195929024705010
0.424422645213120
0.267072450446880
0.156017802420181
0.202034333971694
0.159021845002908
0.0822716650347218
0.0567562141633824
0.0337705226191528
0.0182572022575674
0.106345390058123
0.446480672104668
0.312017977265186
0.285802203264761
0.0741622827973970
0.242498432966744
0.385430060779360
0.244183457269050
0.306038518876862
0.457490191727426
0.386112728536004
0.206398514409747
0.316200823429502
0.0306845063740765
0.433516101968457
0.339456606033386
0.0808501531328289
0.0563971531516935
0.321568311761509
0.401468316327147
0.463010843035881
0.401762531433928
0.494208021870593
0.325276548398081
0.123763704046646
0.0356468261385176
0.177810486939959
0.476375033234280
0.445228123707117
0.0865516728314002
0.0561822762355796
0.473065715900364
0.0323901543787427
0.0232238552915909
0.189445113584394
0.353452829688800
0.0734425432670448
0.0158828491860858
0.431909555111361
0.0611331159458634
0.0766568071627932
0.180138874928691
0.304946024197939
0.139796879006669
0.0812813394066052
0.107410445991382
0.234520268917045
0.391681532627623
0.371896687432331
0.0668924945978950
0.358761503518401
0.308853031780376
0.0277774616275239
0.455865563562639
0.333088984577966
0.224653337795194
0.268570498903811
0.338201732958734
0.184694749255774
0.0977712936404132
0.416385371354327
0.471546249857984
0.265539724133948
0.0518140820064220
0.0925137416968334
0.326635627648377
0.190730796626967
0.153631725264237
0.418908914690913
0.100024001325594
0.262718911357674
0.165076836853454
0.178101958129864
0.104911314086074
0.174148977421675
0.302707236925440
0.482910290120992
0.452765677103416
0.0940030215038771
0.00386908732532487
0.338542040027741
0.00175072723492664
0.215213357261085
0.258367953608789
0.138792236232413
0.0508188579174440
0.269062916696520
0.442972621969419
0.484798230198604
0.337907035240022
0.347263326448590
0.372214288434821
0.0337885256822034
0.103961097348866
0.454135020232177
0.133316255617033
0.0487548178219114
0.428503032873263
0.0701321676259430
0.419807590314517
0.369485347011428
0.0999727075058786
0.220208346685580
0.296554632204637
0.136219273732828
0.0810755718597356
0.327285045904355
0.0106549711237933
0.472634013339756
0.301653542649785
0.105249859052534
0.149934546664444
0.174659948894564
0.0915673287537532
0.195736681125067
0.317389382154890
0.0552848256645594
0.384916107466215
0.372293704601658
0.289876614586059
0.0984093478895910
0.0707593067571909
0.255703147627965
0.0604597719385082
0.282275784155524
0.320715417329291
0.361588772059530
0.0287858521908547
0.259774408808297
0.360152348517740
0.378153876376093
0.219735485100768
0.284433488573765
0.441710374854932
0.142296687305258
0.332943975019245
0.0526527816526635
0.484547655994980
0.129841019833310
0.451090064568877
0.446460104408936
0.326025227158339
0.0179282442946092
0.121185328063131
0.0669872533749434
0.351815398878688
0.0107227936930531
0.0336380787798251
0.256016090162837
0.444159123614789
0.298439440740593
0.394336102917559
0.492731386794345
0.0570424962835139
0.123458455061859
0.119212119938181
0.00159157805062293
0.106493534792165
0.192848315702631
0.392076604536974
0.364322721247872
0.109161635728952
0.487682588997158
0.0172410931159524
0.393937855163691
0.112657162379178
0.143077712435073
0.449376831102268
0.00952616060561956
0.452389519010986
0.257127736290188
0.210658804893233
0.464885390648558
0.387217698140921
0.201331913199380
0.338793400394156
0.226914984246713
0.195158158344599
0.386573189787072
0.176969836713242
0.0880580432122191
0.226638543718120
0.402474403025124
0.211827471299796
0.401089806917061
0.212904588876739
0.495182847175885
0.249609046512882
0.241274068540210
0.449825015843095
0.0520153303336469
0.187889573291868
0.209079119413699
0.439555020920875
0.144474229147011
0.477336778820541
0.151624092512246
0.0484375101559196
0.495419026166335
0.363514132060737
0.299760036342002
0.350044268631561
0.277512766717472
0.266761043339062
0.231656170154146
0.230789694976318
0.458717784962328
0.116084379333083
0.00471978337857260
0.156641005418045
0.366783813989415
0.468426393388387
0.257877724113263
0.472947212795067
0.175633805928896
0.0883521343154832
0.485818264391728
0.155671877433850
0.351649665020412
0.133801758095927
0.142485745329025
0.445776548527391
0.488895598480452
0.295823190905366
0.0366674733148893
0.0169775207747467
0.396116015742729
0.378334408627080
0.0519075128775688
0.346861686864077
0.0676086973055242
0.223844234548939
0.427042890876839
0.300160466536164
0.333702147203659
0.238190511590474
0.144777725914060
0.142402110225131
0.0924088838522486
0.165860952176699
0.419626626301278
0.0697599991712479
0.274590815954267
0.0929914965653944
0.266061959757872
0.173642552858875
0.259348000303586
0.0954144118886988
0.464734752774643
0.192447264380053
0.292178839512570
0.360510553465285
0.215765672591495
0.401929582658762
0.158376137332034
0.341943364601779
0.313869116716465
0.132519720140123
0.405137545597808
0.135864909797388
0.353312812793660
0.0790069804033712
0.343680763984656
0.424860236336518
0.206218184894915
0.138002360594654
0.338934942853906
0.130974278055700
0.00777547510567206
0.128817768025512
0.149674857621027
0.200791231456930
0.342086148816050
0.0255993412965794
0.214580491415894
0.265645325611468
0.354054762129219
0.463300172871538
0.407665491435476
0.438604533009361
0.395469228535921
0.374522942625198
0.363836322845225
0.0897629730647411
0.366644321969688
0.242489446284943
0.0118928826800132
0.217815004626199
0.0708365596166662
0.327577835672890
0.0459421312632707
0.291355119172236
0.383554574611894
0.0432071578285184
0.458648465317107
0.189928186416007
0.300261201851683
0.194689297528560
0.0862165850121946
0.132943601631526
0.443367532095480
0.0835993030894492
0.288123401270895
0.468131438524310
0.240624534915093
0.0934575250945381
0.171822706008615
0.307209934784774
0.00125066213186775
0.00316012780169783
0.257459689942404
0.0785150901287541
0.196956574132348
0.188976015329715
0.105048101639034
0.397299310921012
0.464131216000245
0.450949220867721
0.272468024796253
0.352962079944242
0.0402321641396342
0.0792829148826345
0.492835099988513
0.391140155042489
0.133184736009848
0.364410571335493
0.0732127867297807
0.244831841337138
0.0996753512599817
0.227334022449542
0.301886188079225
0.230846452316273
0.366572515595708
0.0989357468765383
0.364190902553825
0.380202476092109
0.192082138418099
0.424953236261770
0.331206789793286
0.309021673121991
0.221169711614162
0.0980507593712800
0.360742995647326
0.458001162551321
0.0446697406907717
0.304872238097250
0.289006308453235
0.0734648345490113
0.219550450622054
0.181239600479400
0.276931109352982
0.275424295838488
0.308287645145117
0.382521555865606
0.206950235131575
0.169669409182669
0.465375020074777
0.137414313764611
0.345014430537171
0.0589506226687840
0.155217346512205
0.110762809191998
0.252382449061702
0.326302245898335
0.490981412791967
0.0171238841183022
0.424634556635803
0.458088270482423
0.456911800180323
0.338541116468749
0.000598273464283650
0.380336864073248
0.116338064925607
0.101310945752434
0.250123710976209
0.0234547209081877
0.467432783744091
0.150992778204589
0.0293968127572608
0.444323841354971
0.454579338446202
0.329202421103652
0.256038342690656
0.197005038852071
0.0590487475681387
0.340470184439255
0.0410070289153066
0.246281761742510
0.452272314181571
0.0456670861491550
0.280725558864479
0.154975365569944
0.303779358078064
0.0206635345804310
0.290350020167682
0.455479156742020
0.390987762524019
0.144372396061797
0.0121882352223104
0.406262193676625
0.0812638429850828
0.409440361869889
0.339153520059417
0.316818239763009
0.325304156981788
0.453834063530606
0.495185780781518
0.309117423110410
0.330138832435161
0.197875208347420
0.291386643467309
0.0126390857093129
0.496713232875135
0.416602964849915
0.150341588048389
0.259413749327560
0.388713597733458
0.174631463470299
0.146614683405901
0.174775278161805
0.0205100816579048
0.290455909145384
0.401825831058692
0.185141375746476
0.0923805993209106
0.105517846800111
0.330538978662906
0.129718675199822
0.0428729823888058
0.216859983690142
0.157025458224302
0.362566613124511
0.487874892734706
0.292366576905917
0.143024944081521
0.0778711747974887
0.0962903400214741
0.110800331804415
0.156844470978057
0.347593440162474
0.0571500349449751
0.465356191106711
0.448382007644675
0.354874673387735
0.118010269057183
0.101949936315924
0.256895015579742
0.382022020890171
0.228738165134143
0.277156796086136
0.321427398575833
0.273896907591336
0.111105024372511
0.147054369958884
0.120114558480502
0.447618506921472
0.259283116332623
0.106022213097130
0.224441265460791
0.482942025328487
0.442005766057086
0.0741688231126441
0.405079017618968
0.160331572013685
0.472721843271230
0.269246044325625
0.483162243936642
0.359381527777302
0.474059072999048
0.284243728955078
0.285536200793178
0.0629343476265745
0.113924539612390
0.0292706871559574
0.00257892672661242
0.148436270484267
0.360409243470285
0.397369038536500
0.245399083066237
0.231645149005293
0.0761463205060678
0.0220411276877669
0.282327891679982
0.329069377980273
0.485058167281565
0.0147051901684103
0.476866961372969
0.474115878432189
0.385722218952830
0.445895184278811
0.454454929815642
0.0439194221333887
0.141098538147583
0.0598889367668696
0.337727320058156
0.421328948649549
0.255413919616297
0.333528782591722
0.181042478732893
0.345717222140468
0.416443432192613
0.445752346090735
0.134398851141652
0.357284218528381
0.178527988708203
0.465642035708279
0.232022816830375
0.240151185037086
0.293873034420218
0.0449761480850913
0.286897517030608
0.388143879706549
0.128407827349851
0.421136198426293
0.460729805087951
0.486768876340550
0.217928681651359
0.305953522041772
0.385386242695299
0.165713630537265
0.0160318670047163
0.291003211024898
0.262839946976737
0.0940448048916254
0.355009236515847
0.430901594804270
0.249553889940449
0.0826051912779718
0.143881778221433
0.477520855263230
0.301415015685037
0.112248563797315
0.117208615092763
0.488559394174720
0.107728906652213
0.196054585327490
0.178765961562661
0.0922044479676051
0.378064703469806
0.438039480380053
0.178158060341469
0.0357769411959472
0.352548728509217
0.365488615712741
0.496302252751170
0.285029119266471
0.0885920315321126
0.297891101425745
0.00874964873859369
0.267803303717517
0.410064684546033
0.444452599121220
0.459808862323458
0.436344626006705
0.371300504047793
0.131362755760647
0.187319103157752
0.241039682312651
0.294354457499883
0.131589375941755
0.156274958849367
0.492191243458379
0.435307021553352
0.0535502798315362
0.399177921790529
0.378468958738560
0.178828517702349
0.0486345505241084
0.254745403099941
0.152853761010796
0.0829367534374511
0.134959260292082
0.434966886369123
0.0341435394086892
0.0112138088083340
0.175354440033907
0.310359092706996
0.158445788411881
0.0121992983771258
0.134318085282202
0.185581396275644
0.294201884041327
0.217912693340078
0.376973854028355
0.219189584989999
0.228071502360463
0.158295529760674
0.351576287554272
0.242506575101308
0.237254432805024
0.340276051861292
0.405603887154137
0.322681049768171
0.463914817145251
0.142699120792902
0.394435196015164
0.334870647602245
0.0321405809287065
0.155201438091332
0.199127986285929
0.154305661051575
0.245391382834773
0.250278697734507
0.167252991813707
0.0508900952472059
0.493751292989819
0.344693626381913
0.167263512277905
0.0173663747103475
0.112112590690546
0.208365251366036
0.0592470344109724
0.371814955057542
0.0161112027633291
0.368046839995731
0.00723632936961938
0.236715692183696
0.466898215915406
0.465525233034297
0.179904330473842
0.0274846272906209
0.467728531213535
0.376478945422030
0.107496792595004
0.119555914394840
0.145112327867152
0.222454943902091
0.0329269760348194
0.427290153350885
0.345658223653203
0.108272800363169
0.101637923455139
0.126590867759155
0.221673070206238
0.0506675861986378
0.203777799970456
0.108659909102764
0.217068947800430
0.00390783773829506
0.271014609552068
0.241835327365118
0.471325217849723
0.175602175518309
0.260492385718165
0.113571154518717
0.189371015878721
0.278897513055519