0.100000
0.100000
0.100000
0.100000
0.100000
0.100000
0.100000
0.100000
0.100000
0.100000
0.190701
0.206762
0.351373
0.306668
0.242353
0.210941
0.218463
0.193605
0.181400
0.257015
0.224022
0.224910
0.411135
0.319987
0.247963
0.235408
0.232999
0.211769
0.266531
0.240660
0.266071
0.384215
0.286081
0.258816
0.229565
0.219585
0.263341
0.379201
0.378096
0.481722
0.379003
0.275797
0.247773
0.214650
0.258967
0.364585
0.268735
0.326955
0.273487
0.237947
0.206758
0.217944
0.194315
0.281438
0.481952
0.313632
0.383223
0.277957
0.253241
0.239681
0.263253
0.218224
0.285947
0.520719
0.500347
0.356794
0.314249
0.405109
0.290385
0.353653
0.272660
0.311370
0.489380
0.511232
0.369992
0.326068
0.393981
0.295844
0.256943
0.232632
0.313090
0.251307
0.231579
0.457227
0.362165
0.324282
0.302819
0.253712
0.236164
0.522798
0.343530
0.270936
0.417829
0.358990
0.355294
0.288727
0.291061
0.352883
0.481343
0.465634
0.368421
0.348226
0.277778
0.577707
0.458004
0.403695
0.433857
0.525961
0.449093
0.405720
0.392919
0.314484
0.348648
0.340097
0.375310
0.533988
0.619444
0.463621
0.682080
0.591286
0.503869
0.416426
0.354904
0.384351
0.400424
0.594215
0.442302
0.569379
0.611272
0.669756
0.534082
0.499873
0.432609
0.361449
0.307475
0.293401
0.378217
0.355329
0.483247
0.443571
0.456647
0.331023
0.325765
0.263229
0.262913
0.367027
0.292918
0.285774
0.289187
0.353943
0.270586
0.354859
0.381312
0.278623
0.282464
0.326978
0.277766
0.252935
0.280009
0.342245
0.322543
0.397428
0.285250
0.265967
0.507203
0.483087
0.427388
0.339840
0.375118
0.446821
0.322389
0.291248
0.331811
0.415815
0.513428
0.423752
0.356062
0.505290
0.433464
0.318201
0.527477
0.430177
0.335563
0.296672
0.322071
0.294093
0.272322
0.320379
0.279177
0.306615
0.284219
0.236552
0.240389
0.481288
0.321713
0.254076
0.388327
0.365023
0.321115
0.336752
0.259679
0.333752
0.505673
0.348738
0.299643
0.368634
0.543502
0.430754
0.390366
0.304855
0.344975
0.362095
0.325756
0.355773
0.506738
0.455309
0.393522
0.359285
0.360199
0.411096
0.327936
0.331407
0.534960
0.582987
0.465037
0.360718
0.302239
0.342364
0.370310
0.335151
0.485875
0.672147
0.572866
0.454140
0.337926
0.295923
0.490671
0.426526
0.351277
0.484957
0.497176
0.470356
0.393307
0.308418
0.495964
0.442613
0.457772
0.359095
0.359317
0.325653
0.407101
0.315902
0.356931
0.313831
0.265033
0.541688
0.494234
0.366479
0.339978
0.467862
0.341876
0.544871
0.403140
0.327708
0.349272
0.364488
0.351589
0.417242
0.411678
0.455696
0.337530
0.274094
0.468937
0.341046
0.381174
0.431206
0.412081
0.366655
0.526683
0.363919
0.286130
0.557402
0.383874
0.404653
0.432913
0.392557
0.475349
0.487866
0.351747
0.456793
0.553068
0.395162
0.326680
0.283777
0.260420
0.373872
0.337451
0.269454
0.239002
0.301021
0.322452
0.271013
0.227633
0.212510
0.209428
0.206571
0.359149
0.264097
0.305437
0.284362
0.329046
0.309278
0.237808
0.228130
0.245301
0.393305
0.344362
0.272423
0.303829
0.510624
0.421123
0.302076
0.328143
0.340997
0.328858
0.265889
0.244186
0.308737
0.570418
0.380202
0.402980
0.329129
0.329519
0.299385
0.268131
0.446467
0.328411
0.277336
0.249238
0.329930
0.262552
0.407646
0.499646
0.414619
0.338615
0.265621
0.235238
0.455220
0.393667
0.320750
0.349135
0.575968
0.409840
0.311938
0.260287
0.319583
0.467045
0.375232
0.493120
0.407254
0.328858
0.286937
0.293372
0.266664
0.303796
0.459178
0.363791
0.498957
0.462482
0.326637
0.274642
0.309015
0.261466
0.252415
0.259843
0.328725
0.422006
0.381062
0.303440
0.276560
0.238738
0.231071
0.262830
0.243988
0.412903
0.418777
0.369556
0.272117
0.368950
0.280870
0.296969
0.462384
0.486407
0.550482
0.482516
0.537746
0.376181
0.419477
0.317547
0.370572
0.426979
0.599643
0.684722
0.615953
0.627252
0.617044
0.493798
0.380316
0.521825
0.471534
0.628731
0.583530
0.557557
0.678544
0.561405
0.465517
0.533236
0.691479
0.553226
0.546711
0.488721
0.394354
0.566048
0.556144
0.522820
0.632338
0.573313
0.484749
0.470093
0.380825
0.312625
0.342553
0.337563
0.390458
0.523887
0.465269
0.345739
0.482716
0.368754
0.306980
0.322351
0.291306
0.270140
0.282018
0.484633
0.343635
0.570300
0.612374
0.731113
0.702099
0.536694
0.417092
0.329133
0.567688
0.627531
0.584054
0.714972
0.725590
0.582255
0.533990
0.521247
0.403215
0.655888
0.690051
0.515782
0.522182
0.580764
0.459841
0.580600
0.440187
0.388737
0.544268
0.623848
0.454614
0.433001
0.404459
0.398177
0.351544
0.290951
0.361367
0.404701
0.574460
0.498251
0.418354
0.357616
0.299279
0.275389
0.352182
0.347661
0.408627
0.478765
0.347130
0.374687
0.340093
0.293926
0.261023
0.475496
0.405732
0.427436
0.439525
0.322771
0.337665
0.377094
0.583518
0.413264
0.611428
0.597921
0.578307
0.566824
0.446105
0.381511
0.450585
0.413667
0.383863
0.309004
0.287089
0.541093
0.393143
0.371698
0.327788
0.341908
0.313461
0.319862
0.253539
0.231707
0.252215
0.224559
0.366454
0.337618
0.267969
0.352682
0.385717
0.306734
0.278063
0.255963
0.283880
0.380240
0.520409
0.364094
0.392140
0.467449
0.482054
0.363282
0.432743
0.380204
0.292764
0.584933
0.557491
0.510219
0.541156
0.555788
0.404465
0.328157
0.369003
0.295116
0.420164
0.348602
0.364820
0.444304
0.387615
0.306960
0.266850
0.450978
0.327486
0.277177
0.254628
0.279821
0.257441
0.314057
0.384289
0.348152
0.521761
0.366507
0.285357
0.265750
0.354409
0.288395
0.329343
0.375086
0.291213
0.470598
0.607083
0.441186
0.373500
0.510327
0.513481
0.395107
0.449734
0.376766
0.394094
0.458830
0.418732
0.598570
0.654126
0.620198
0.485642
0.390606
0.541574
0.435233
0.462480
0.409092
0.613035
0.768384
0.694200
0.623629
0.483126
0.577443
0.456048
0.573803
0.453663
0.562197
0.665268
0.654271
0.578766
0.681454
0.521286
0.408621
0.557198
0.456175
0.416380
0.525325
0.455886
0.447860
0.645892
0.467276
0.355945
0.313109
0.304596
0.310089
0.262282
0.300815
0.249559
0.471430
0.364251
0.275258
0.252481
0.239101
0.277376
0.227980
0.353093
0.259612
0.317579
0.380987
0.284856
0.261153
0.238520
0.298440
0.262534
0.352765
0.356850
0.263789
0.427035
0.321663
0.255648
0.241471
0.280800
0.250812
0.465159
0.409690
0.292959
0.338236
0.349161
0.267955
0.280029
0.308040
0.321464
0.396461
0.376434
0.325138
0.318709
0.327543
0.281779
0.341053
0.265726
0.286216
0.238608
0.232851
0.247502
0.312426
0.254105
0.287347
0.257920
0.215661
0.270338
0.216311
0.211148
0.279128
0.243430
0.253739
0.280379
0.235525
0.288380
0.273270
0.217096
0.266124
0.346508
0.270418
0.259378
0.247591
0.234666
0.230583
0.276269
0.324613
0.312634
0.273785
0.346027
0.252415
0.226816
0.270288
0.250551
0.229762
0.354659
0.300243
0.262504
0.424129
0.289974
0.301679
0.252118
0.404109
0.306363
0.338812
0.300079
0.352375
0.445855
0.332885
0.366444
0.291856
0.402853
0.519661
0.507505
0.353633
0.470125
0.451995
0.382112
0.366975
0.498351
0.591816
0.673815
0.626566
0.445812
0.406078
0.360083
0.380519
0.356931
0.452788
0.556114
0.626602
0.513445
0.562163
0.428399
0.372122
0.377794
0.406640
0.414444
0.388278
0.452833
0.393919
0.348492
0.281655
0.304919
0.252709
0.451097
0.354654
0.321022
0.447529
0.478234
0.364904
0.291481
0.264542
0.232575
0.260816
0.227584
0.249253
0.418940
0.645746
0.579967
0.672329
0.475458
0.599041
0.412285
0.329264
0.323414
0.414116
0.401409
0.572222
0.410302
0.397566
0.312988
0.259842
0.482698
0.362503
0.342878
0.307490
0.545979
0.373621
0.302823
0.251176
0.223588
0.222520
0.206273
0.253241
0.374169
0.387511
0.304990
0.281683
0.228529
0.216290
0.202922
0.190519
0.261700
0.364104
0.368397
0.271374
0.297137
0.232783
0.251447
0.346313
0.283900
0.340957
0.405518
0.575467
0.394063
0.343462
0.361207
0.278474
0.305682
0.360871
0.431381
0.603719
0.520542
0.435208
0.445803
0.443704
0.333974
0.272626
0.339933
0.308864
0.321691
0.274007
0.277749
0.399588
0.490234
0.343024
0.261495
0.314696
0.247852
0.227185
0.215954
0.333103
0.411262
0.615751
0.404333
0.318757
0.486331
0.333819
0.295697
0.243467
0.499496
0.486127
0.569036
0.708486
0.474499
0.381035
0.335264
0.334403
0.272924
0.338235
0.338577
0.520880
0.565231
0.397450
0.301833
0.384402
0.361695
0.278694
0.307951
0.322023
0.605347
0.590406
0.559182
0.395988
0.431678
0.350191
0.286635
0.295809
0.269046
0.548257
0.522463
0.412056
0.377311
0.438645
0.333851
0.349399
0.319636
0.268684
0.260720
0.279034
0.316728
0.440976
0.475962
0.377006
0.311961
0.289639
0.328322
0.270208
0.262986
0.545322
0.624127
0.487013
0.358954
0.281505
0.293671
0.377638
0.466668
0.334138
0.431682
0.362640
0.400233
0.317347
0.257751
0.318929
0.473383
0.497081
0.348813
0.301227
0.302114
0.431123
0.484400
0.415993
0.356578
0.503409
0.455559
0.619851
0.476930
0.630761
0.560906
0.599973
0.723826
0.612497
0.456902
0.403281
0.448780
0.639964
0.579721
0.441740
0.501109
0.633688
0.648831
0.470458
0.417684
0.436299
0.445721
0.376509
0.306660
0.338270
0.481005
0.602178
0.510951
0.639884
0.695611
0.527255
0.455282
0.362127
0.361954
0.359326
0.572056
0.608528
0.589789
0.647586
0.520629
0.445070
0.404794
0.405289
0.353784
0.395130
0.457799
0.516173
0.580671
0.540419
0.418388
0.337447
0.275641
0.275949
0.343888
0.311467
0.373936
0.507677
0.602095
0.537976
0.413583
0.306371
0.257481
0.464259
0.387247
0.320351
0.517470
0.510140
0.484001
0.486978
0.371846
