0.0863910563295192	0.100000000000000
0.168753794593538	0.100000000000000
0.499110382856959	0.100000000000000
0.174508775943486	0.100000000000000
0.111721172520581	0.100000000000000
0.381338163256257	0.100000000000000
0.0921646662653597	0.100000000000000
0.0252661483997362	0.100000000000000
0.0400650818805240	0.100000000000000
0.429837188081426	0.100000000000000
0.154669627836136	0.190701133092097
0.236373354316798	0.206761866933481
0.289581195303448	0.351372637408858
0.148990592909077	0.306667541070506
0.0287566422317923	0.242352822371985
0.253520914737766	0.210940628208276
0.156262905174077	0.218462832212679
0.0463891416735190	0.193605134468311
0.128141526049042	0.181399931242388
0.0715481193396387	0.257014500911636
0.0871607055354097	0.224022277853057
0.498540681379367	0.224910172887735
0.205207320843396	0.411135154354107
0.283471336013382	0.319987182883922
0.0792953549887273	0.247963378975260
0.139878691698178	0.235408072600565
0.178389508299522	0.232998917248090
0.395582339290387	0.211768923578775
0.238800536076101	0.266531091199522
0.477295723461040	0.240659943573298
0.226047140729277	0.266071052792611
0.0542700032701481	0.384215170825533
0.0811132571648534	0.286081144859305
0.150319633212272	0.258816283105784
0.0988151891424030	0.229565350479756
0.257712256500528	0.219585379890445
0.279105083759018	0.263340760110308
0.310886703085477	0.379200795138729
0.298016241186092	0.378095726447429
0.173106508230001	0.481721878760395
0.00400189820371139	0.379003466725304
0.177361714236152	0.275797291444583
0.00777445137342137	0.247773499560651
0.415836515408829	0.214649740573369
0.379698829479764	0.258966514715206
0.000572403903820240	0.364585179462686
0.220196682956276	0.268735140217102
0.0517849411963490	0.326954571204174
0.0524681362728999	0.273487468683872
0.248548175257420	0.237946819487459
0.106207058229614	0.206758476287806
0.0347617010444442	0.217943856212854
0.157480378952572	0.194315221735459
0.457371888438180	0.281438248385571
0.313571453010307	0.481951882511897
0.439532493362628	0.313632148819553
0.0912062034795861	0.383223155111204
0.381000091352232	0.277957195703018
0.0741417251111166	0.253240863417438
0.359000908841383	0.239680608144156
0.0189740053249852	0.263253012362244
0.375755843928524	0.218224293434323
0.425713033488067	0.285946538452176
0.339807811170789	0.520718942906391
0.0382646516253640	0.500346661870627
0.353414830536892	0.356793861096641
0.280100104940036	0.314248613782414
0.00757974710313913	0.405109435000760
0.217731307560105	0.290384812850933
0.158881022390043	0.353652614449493
0.144792531756689	0.272660369682411
0.375444210850084	0.311370204275317
0.335635484579498	0.489379805265073
0.337219731743037	0.511232289230357
0.0888247666716026	0.369991590159556
0.325477192000398	0.326068153127117
0.377679677851293	0.393980952795335
0.0450790167573019	0.295844269545615
0.0400387806932306	0.256943368772293
0.474488318291435	0.232632412560362
0.00458247304487991	0.313089881371493
0.0257340367648450	0.251306730819740
0.496020360801271	0.231578559639614
0.401322100069535	0.457227233375838
0.121092629810143	0.362164682722514
0.0970170244150766	0.324281571920655
0.251723625902089	0.302819025756261
0.369207718753049	0.253711988775328
0.445304422483003	0.236163634688001
0.233028695116693	0.522797682393037
0.296430704765990	0.343530084598953
0.257748976812756	0.270936362650129
0.100833039329510	0.417829109463734
0.477268385062289	0.358990233369541
0.151049097315785	0.355294316356353
0.148495848456846	0.288727412495827
0.211211874754974	0.291061482388189
0.321597832702031	0.352883356578436
0.379302812672999	0.481342831831356
0.0996439606141049	0.465634246577145
0.182196797266968	0.368421398753509
0.0554999731327822	0.348225527432436
0.481259316024014	0.277778380151310
0.329797173316386	0.577706728981330
0.344607511310281	0.458004028633017
0.415094398587580	0.403695258827901
0.425785947928807	0.433856566887460
0.135608018066099	0.525960637563161
0.496761303546302	0.449092855827405
0.311087998597450	0.405719788170482
0.152096252971569	0.392919030292171
0.121409386524242	0.314484057481004
0.122029098420411	0.348647628089006
0.201250827350821	0.340096639170688
0.395934263170994	0.375309590278514
0.390249035600806	0.533988192733190
0.218433589827153	0.619443860945478
0.462501192517526	0.463620980926523
0.287167324344269	0.682080007072391
0.388605903111267	0.591285534565931
0.247215552680126	0.503868890980684
0.155574969429516	0.416426011789196
0.302325348441861	0.354903809439180
0.152326364268447	0.384350674609607
0.469742748999019	0.400423730093401
0.0462947557934790	0.594214816553866
0.331236242552257	0.442302121715546
0.463941585051577	0.569379219572809
0.407573453704543	0.611271944571017
0.182013077619315	0.669756392905486
0.457393464096057	0.534082428281673
0.123853040756369	0.499872570203995
0.0898231414379200	0.432609341021423
0.00935641859774761	0.361449484852398
0.344816791633945	0.307474759031230
0.243393755979945	0.293400504009220
0.0772882621877944	0.378217373876086
0.323382984295605	0.355328706500860
0.345492820215178	0.483246598603494
0.193680445835820	0.443571337433091
0.0130776533549859	0.456647429720747
0.466492315276409	0.331023110930720
0.330941802679829	0.325765212921443
0.0697254751482809	0.263229178885880
0.385977806026689	0.262912652547802
0.133838590810065	0.367027432887449
0.0936799932222181	0.292918369569278
0.102791966564401	0.285774131812422
0.410332563240452	0.289186656432769
0.370543951569632	0.353942956599066
0.189388935008519	0.270585607225521
0.242641302565526	0.354859419575314
0.0450497793868333	0.381311577317345
0.0952950217190468	0.278623081471255
0.486437669012292	0.282463576510619
0.204374268563984	0.326977808203931
0.172070887502758	0.277765670476617
0.106124467451151	0.252935337726142
0.207637076043081	0.280008611043641
0.238365820890620	0.342244525596290
0.413984439603133	0.322543350251846
0.0529736119186073	0.397427503237058
0.258459530965743	0.285249768140282
0.393433159184523	0.265966742108169
0.483735825082501	0.507202693883475
0.387391822105065	0.483087026376707
0.222771775517746	0.427387761329815
0.356803599753417	0.339840270937090
0.458746985604298	0.375117697635147
0.00372857808286731	0.446820519776438
0.408546734891908	0.322388838686500
0.231915155602734	0.291247676869898
0.259898879779190	0.331811391397032
0.284938972207015	0.415815376164008
0.117710474743267	0.513427979005597
0.139356720409498	0.423752094513350
0.430732214267613	0.356061880074243
0.118119031920503	0.505290428795007
0.107347118317757	0.433463854444888
0.440234997719019	0.318200967816689
0.182149617197168	0.527476672339098
0.0384230927038355	0.430177047429900
0.0574191237972067	0.335562733803022
0.405837831264878	0.296672166254197
0.162090763473857	0.322071107057989
0.0432390501602151	0.294092563187617
0.495664223996878	0.272322442437438
0.162644371948274	0.320378509397162
0.114266984406635	0.279176542134767
0.147666895440211	0.306615453066912
0.115311792150782	0.284218532200835
0.401260053012841	0.236552113575842
0.451552154412277	0.240389420800609
0.0174420401269464	0.481287653940623
0.134347077152504	0.321713127658892
0.234075829444591	0.254075556752873
0.361061545900243	0.388326972489901
0.314950185399368	0.365022960526945
0.402031947602344	0.321115279377397
0.0247285202189838	0.336752277912320
0.189794982752311	0.259679216130909
0.369750698914205	0.333751967384639
0.261406279254233	0.505672536677356
0.174316845454590	0.348737697614714
0.363446151198003	0.299642789366065
0.494645903830443	0.368634480557168
0.143156489469324	0.543501653219581
0.133341231013481	0.430753777302052
0.356793555805866	0.390365748389720
0.336558533972399	0.304855098404084
0.165578315231705	0.344975107526236
0.118673786086153	0.362094628401974
0.372756187868850	0.325756073397124
0.428709337898824	0.355772852173012
0.139664086437087	0.506737741590040
0.304605693050183	0.455309031429958
0.325378009335313	0.393522018105418
0.157276261064568	0.359285367915125
0.267740808236213	0.360198738326012
0.100507867503412	0.411095869520725
0.391955142076349	0.327936279071606
0.486686292530136	0.331407214950882
0.333617627539082	0.534960276771067
0.314393228105600	0.582986583935135
0.0504354788944942	0.465036530124919
0.0401305146394436	0.360718477483607
0.384472171624456	0.302238839229587
0.246017350258502	0.342363915435785
0.328053428088120	0.370309549287829
0.372636828805190	0.335150640457968
0.447258338406778	0.485874912943540
0.243011825773230	0.672146956385673
0.113829481046481	0.572866373524391
0.0351862995266359	0.454140440078731
0.382273257223772	0.337925929319994
0.416518403391740	0.295923471805663
0.196252858036066	0.490671019296942
0.0581163612069945	0.426525555645609
0.361205086322298	0.351276979940669
0.209901292670632	0.484956733079773
0.294253040536272	0.497175761544313
0.287851807712883	0.470356151637567
0.147535225283174	0.393306640689891
0.420089072326229	0.308417632445085
0.142946588973871	0.495963876267972
0.436411237044090	0.442612808882527
0.260317506912535	0.457771818351762
0.138581055145242	0.359094756884078
0.130737074259391	0.359316637899295
0.322825674207544	0.325653460706976
0.0276811915701108	0.407101097999810
0.456886226457639	0.315901525443644
0.0609743395208230	0.356930861296330
0.0499900683297365	0.313831449085551
0.480325367907074	0.265032585835496
0.336646904499384	0.541687751260936
0.124199196189333	0.494234072147091
0.313044842732676	0.366479432094946
0.418215732756942	0.339978371974327
0.265142745073316	0.467861765563455
0.404603160984443	0.341876499185249
0.325938977406677	0.544871102967218
0.327349956702510	0.403139572044429
0.116443523053148	0.327708408268603
0.171810824919479	0.349272078016846
0.372233877151004	0.364488374919346
0.306573478372394	0.351589263883697
0.167338672231510	0.417242294443120
0.377845313676671	0.411677909338793
0.0171707073363839	0.455696078408044
0.0121706259203503	0.337529919895409
0.480840097846214	0.274094480129738
0.0701100767154960	0.468936670755029
0.444466396268721	0.341045519377640
0.258554857686621	0.381173759728325
0.215884880661701	0.431205673010921
0.247175824377552	0.412080998100937
0.433252597367721	0.366655405758703
0.0274124882550498	0.526683233320204
0.324819896897506	0.363918662769266
0.438753253667216	0.286130119411966
0.0133524971763836	0.557401853136600
0.167621991650570	0.383874068924479
0.330772624082762	0.404653482851006
0.223939803579347	0.432913062710991
0.476261391003243	0.392557072058036
0.224153565195704	0.475349134666637
0.00531733447367089	0.487866290254534
0.366398526188670	0.351746571988736
0.333421392336475	0.456792676344972
0.244929136234854	0.553067689458168
0.0894864809101309	0.395161683179853
0.0320785789328283	0.326679534000926
0.0485840899441393	0.283776876231212
0.201398499964188	0.260420496477128
0.152200233978086	0.373871828534402
0.457625744858230	0.337450980891724
0.0173775424498034	0.269453772926958
0.175046814650042	0.239001938384758
0.222859361848697	0.301020795154187
0.179894359785954	0.322452416946377
0.122166532880420	0.271012803850726
0.156045652848098	0.227632811930470
0.0521866765816132	0.212510340474865
0.0648357999801047	0.209427584519643
0.248177478909171	0.206571478514745
0.358139667788677	0.359148551927798
0.349260499962288	0.264096666951117
0.154994769127768	0.305436991152670
0.392375751704615	0.284362176331954
0.363705412942413	0.329045803226682
0.0134833873326450	0.309277881589784
0.312639148606791	0.237808052736740
0.469742639492808	0.228130188185062
0.498972986298806	0.245300739659795
0.127030778315603	0.393305085659406
0.0352618476864470	0.344362430635655
0.352388179937029	0.272422750205535
0.466718610082804	0.303829204576376
0.159279894516673	0.510624419210330
0.344444093965254	0.421122581301442
0.188283707740770	0.302076361916336
0.124325147710793	0.328143264199347
0.0902242645097294	0.340997004901415
0.0468624368092164	0.328858023550507
0.358726239345675	0.265889135736089
0.179667198474095	0.244185542078911
0.465683037457136	0.308736750136903
0.0242793746904447	0.570417724269410
0.237217216376675	0.380201719688479
0.135496196629213	0.402979760126802
0.392468790202072	0.329128581859202
0.316603873136821	0.329519075863030
0.377453842994594	0.299384636215630
0.409717983360269	0.268131078979980
0.0540712747046965	0.446467376485766
0.0267099703089354	0.328411200271037
0.430355357028277	0.277335646960341
0.320101464432402	0.249237664321724
0.0481443133120097	0.329930429158344
0.319212822777765	0.262551513816157
0.446735234171060	0.407646371910998
0.142297337628941	0.499646259553027
0.0683452174535285	0.414618864693464
0.0475482330186501	0.338615173515961
0.268229297848251	0.265620755368485
0.381179997874407	0.235237914833459
0.163252154091896	0.455219855820887
0.439454875903381	0.393666743051108
0.198984679470597	0.320750122094916
0.458114453598234	0.349134686604920
0.122838195344003	0.575967726173356
0.116694740860509	0.409839599160381
0.135766830486457	0.311937790752051
0.235958756954091	0.260286624474371
0.372772424814551	0.319583440800973
0.183349609644292	0.467045473118504
0.317920165571495	0.375231892789161
0.213018532699396	0.493120362726212
0.0376241957955606	0.407254042067172
0.126692109712018	0.328858237565348
0.312957805012760	0.286936533940919
0.130971876041777	0.293372489392158
0.217982208825886	0.266664333632237
0.383145713069666	0.303795820956476
0.150952733554999	0.459178134288424
0.471258924024250	0.363791362638545
0.376931105204575	0.498957452598929
0.0531053308812670	0.462482449653104
0.0947624188390835	0.326637182386782
0.166283417676469	0.274642012725583
0.0701398718250795	0.309015137950729
0.0852382415696393	0.261466147742671
0.0692338065648087	0.252415193066154
0.466853717939970	0.259843427271185
0.238403372554797	0.328724712959823
0.146445194086890	0.422005734124295
0.334673587600441	0.381061914639627
0.268759746749479	0.303439649554816
0.0534431677032939	0.276559603620620
0.220902167358241	0.238738420747460
0.464305609102465	0.231070504559662
0.253084021409857	0.262830467380303
0.290939953971069	0.243987501328779
0.365988034316169	0.412902802365295
0.350982325194207	0.418777226276252
0.00647340304652572	0.369556413897846
0.362379139653149	0.272117123868265
0.163177917692998	0.368949994113383
0.208767923704407	0.280870167401896
0.325075845707559	0.296969056432171
0.446052186918599	0.462384402886265
0.496534712299700	0.486407359507390
0.199446912422651	0.550482481040058
0.373718918141039	0.482516039938402
0.453540210342971	0.537746468610672
0.237744741488896	0.376180974868141
0.00945325335388558	0.419477059445499
0.346334248583729	0.317547187005415
0.279173423507914	0.370572289818871
0.413953747995094	0.426978783894357
0.359671520110893	0.599643153908356
0.492601944281437	0.684722096604233
0.345486696079216	0.615953240545407
0.254009427967751	0.627252236739941
0.147821637924657	0.617043566490801
0.314251261445343	0.493797990507902
0.404438267857011	0.380315986551798
0.180792591527530	0.521824846477128
0.417172459952222	0.471533954036983
0.217944902735778	0.628730552709058
0.160223116819753	0.583529746655210
0.497880988099098	0.557557363640043
0.181626758223472	0.678543776590712
0.193340216295603	0.561405077536052
0.358998969161486	0.465517239219829
0.474747406053736	0.533236253715627
0.180464666893447	0.691478973495193
0.195584878226573	0.553225564072468
0.202387166508782	0.546710743953878
0.0392430148987040	0.488721447073176
0.321189172509526	0.394354257158960
0.481772293075386	0.566047942361487
0.369014993660595	0.556144154874017
0.439123459252444	0.522820213206086
0.154736241621916	0.632337975190107
0.200861575420384	0.573313477354951
0.326415865698052	0.484748953252611
0.0551522134113686	0.470092737996050
0.0314224072765153	0.380824606928226
0.150018883289142	0.312624769972150
0.0717814622056065	0.342552573874847
0.201130500059433	0.337562792784127
0.333884188084290	0.390458326927782
0.394562935105013	0.523887044608311
0.0217704220583446	0.465268933700957
0.426690131348704	0.345738532325952
0.316063948567312	0.482716241672903
0.498962680860504	0.368754022901980
0.314432454540776	0.306980190237462
0.296860843206297	0.322351367586355
0.0891285910676301	0.291306291265864
0.100009601688508	0.270139931705526
0.419755610817664	0.282018388762720
0.322404462826421	0.484633059068686
0.479822388189545	0.343634568724187
0.495949753451419	0.570299957088490
0.440169185829554	0.612374347241375
0.484871138849634	0.731112667165154
0.144245239903717	0.702099173001952
0.199149473162095	0.536693694728534
0.00515556693826641	0.417091870054216
0.455050548782831	0.329133244756962
0.427901839212809	0.567687923234656
0.173925051569996	0.627531150648400
0.368237606866550	0.584054053409234
0.307371271742669	0.714972467476995
0.0676801616875700	0.725590101791815
0.419816406542925	0.582255187421080
0.371665118128625	0.533990041527476
0.103293438596617	0.521246876253403
0.472082155670655	0.403214589915722
0.310443418925339	0.655888181462854
0.00158173763297403	0.690051263801809
0.207464987425517	0.515781903439292
0.370831629716341	0.522182305741890
0.189079947543850	0.580763652081582
0.344580111080834	0.459841319889966
0.0132741598415227	0.580599563314044
0.248455381161439	0.440187200995897
0.318943182826246	0.388736788329055
0.460000073523247	0.544267638859175
0.293747996812252	0.623848012102130
0.258499381945790	0.454614024719031
0.118114580685704	0.433001141212755
0.273387659884186	0.404458664603368
0.0734564856791197	0.398176819142463
0.215501483251161	0.351544159749750
0.298093110190027	0.290950902058528
0.249746985763438	0.361367274279247
0.386533245091106	0.404700819530134
0.232595330920880	0.574459719991887
0.167520529001672	0.498250696543391
0.257429621192591	0.418354381236998
0.0473092753728761	0.357615904712277
0.239842418544739	0.299279300734077
0.361335784927275	0.275388754195966
0.166654950266522	0.352182495060047
0.364961526548937	0.347660642643496
0.303118310145688	0.408627385913788
0.0214816351055404	0.478764667789342
0.417394932186665	0.347130486970879
0.153117351661895	0.374686628446585
0.436796448115758	0.340093258785753
0.0587823044318418	0.293925764722156
0.464531061654984	0.261023176455816
0.302429782363196	0.475495785276393
0.237437938032876	0.405732349862222
0.285489299885715	0.427436059653988
0.199897166425922	0.439525249336092
0.129881033759805	0.322771404534273
0.495009650710790	0.337665093978961
0.459390821837458	0.377093978812328
0.268975787027907	0.583518274228430
0.436134612980724	0.413263752457849
0.397148260496051	0.611428356233400
0.460217837889520	0.597921379022008
0.368371592272741	0.578307462756147
0.130791774154151	0.566823650591332
0.204472924337826	0.446104711554040
0.192296940946251	0.381510685965003
0.0953393159808110	0.450585215174517
0.137444860936028	0.413666613308096
0.00135067471090716	0.383862720930897
0.0355300972569714	0.309003896205338
0.422399419712621	0.287089033577968
0.0233631682910275	0.541093446726181
0.365608997591291	0.393143070702139
0.138086212399854	0.371697898067581
0.278451406090043	0.327787908137378
0.318770412201814	0.341908299051302
0.330335505340872	0.313461236700035
0.0902473601214988	0.319862153577514
0.221430368607233	0.253539307014751
0.0687017045770637	0.231707333953566
0.191014306642979	0.252215021346862
0.300989030393234	0.224559370540976
0.350772678349459	0.366453672929651
0.0396529377074166	0.337617948363201
0.278803052219563	0.267968788241826
0.259169648714367	0.352681870048638
0.246061462475408	0.385716695599257
0.121489581752375	0.306734035621190
0.298713106037610	0.278063445585928
0.238509268962283	0.255963394388232
0.335888097335831	0.283879570538244
0.466032064151019	0.380240267579811
0.341317819112524	0.520408754225435
0.289555318189790	0.364094011887115
0.465052700044471	0.392140190533543
0.425010863292178	0.467448523330913
0.157699788370653	0.482054246586974
0.345839995394180	0.363282452956675
0.181911617375868	0.432743118962876
0.00277496903223734	0.380203522077263
0.482724404971241	0.292763954812689
0.306328515925356	0.584932967039824
0.282347993054221	0.557490714765032
0.249760253224913	0.510218914063591
0.264530519875602	0.541155652561751
0.0300171944326292	0.555787662983681
0.0256851896262941	0.404464553937194
0.349173019674634	0.328156676613602
0.226778642471062	0.369002737984563
0.229429904628216	0.295116468550485
0.0579309900721821	0.420164494551054
0.200141146508521	0.348602085534786
0.425438591391768	0.364819941891517
0.160972173720265	0.444304386313351
0.327394717195548	0.387615319146093
0.478801374686791	0.306960308381325
0.427300849231719	0.266850293863514
0.0287795627683414	0.450978307573966
0.0574546782702449	0.327486457332300
0.249182145495807	0.277177428603666
0.199094829278891	0.254628356075613
0.0414877222645682	0.279820523487545
0.393231714441015	0.257440694934854
0.287178698258423	0.314057356733259
0.101534044143250	0.384288682592654
0.409223117583632	0.348151612098570
0.483397018554221	0.521760830524360
0.166590708120535	0.366507459299297
0.0888583159026026	0.285357031597854
0.439091397966189	0.265749642576880
0.357061243458886	0.354409339668101
0.159358490053065	0.288394930741794
0.277039239888204	0.329342654863438
0.0833187992830323	0.375086115680554
0.380150570198714	0.291212684550992
0.389479835374518	0.470597737154508
0.195135835771838	0.607083292060024
0.445195989627370	0.441185882254271
0.345222509828569	0.373499925781492
0.293633180155786	0.510327114505298
0.139001950025295	0.513480834532868
0.351614788292494	0.395107358559412
0.338383679939626	0.449733708445360
0.171211123035643	0.376766327277133
0.258982327394918	0.394093713695735
0.264378219351710	0.458829895525719
0.422673326102620	0.418731501125142
0.463858695741365	0.598570294991109
0.381333997557569	0.654126096109578
0.231486207821054	0.620197748715423
0.0513851789088126	0.485641885001720
0.452588025356006	0.390606077880051
0.151921496730245	0.541573613971858
0.317020998169301	0.435233377221888
0.134154984667207	0.462480474866430
0.453782393643473	0.409091721772706
0.466751969755990	0.613035461573237
0.274432798866502	0.768383881539542
0.366401283447194	0.694200491087574
0.349160810018614	0.623629182595175
0.296878041648550	0.483125663856772
0.0916879950096488	0.577442775273655
0.443837866290502	0.456047530445813
0.0949135291770853	0.573803157751864
0.290717143501808	0.453662511118848
0.333390924033286	0.562196841685874
0.388296768956035	0.665267819397402
0.172105195429754	0.654271355718599
0.467698683460160	0.578765949689146
0.0518976062413710	0.681453757600588
0.0220883714163501	0.521285593168917
0.332117985007409	0.408620614717881
0.220728428103779	0.557198031205856
0.121979459140244	0.456174827795642
0.371681490257471	0.416380004377546
0.0940008460270186	0.525324974166500
0.353667338702620	0.455886126306742
0.425449315290975	0.447860131341407
0.106443080439297	0.645892337102376
0.0372954339667824	0.467275639812282
0.0442170617548933	0.355945267794046
0.114787715170776	0.313109271996655
0.283517852198402	0.304595885799614
0.00624149411184682	0.310088903619221
0.485925888078006	0.262281858292479
0.00226366186323407	0.300814551061743
0.393193115896613	0.249558850897906
0.225816510551529	0.471430378456898
0.0727844249457221	0.364250615886801
0.388415387370360	0.275257763678514
0.140393428195199	0.252481380088410
0.163244304760613	0.239101037538756
0.333693391455683	0.277376471394279
0.207724399805697	0.227980168943810
0.153160266241416	0.353093227066079
0.171487213850517	0.259612289095165
0.405846979857264	0.317579345207962
0.131968970169462	0.380987112461765
0.0598046287696856	0.284856217489331
0.108761972459340	0.261153433008125
0.379845921957650	0.238519705645885
0.0594047927910807	0.298440323988498
0.436914868816663	0.262534430078699
0.426295357622773	0.352764539299972
0.0115441072732598	0.356849588071348
0.341836278651517	0.263789065990467
0.135318486832870	0.427035380998125
0.109383309472568	0.321662859189275
0.158993535073501	0.255648038585224
0.126213332387635	0.241471103638276
0.264804037795173	0.280800383057086
0.384706722277736	0.250812496846200
0.149106537989863	0.465159395866272
0.173713668255109	0.409690420760987
0.201543578062731	0.292959352702080
0.454044291607969	0.338235911450706
0.0441466589685624	0.349161116948321
0.240741270400305	0.267955259237198
0.420231673380800	0.280029357913616
0.199156117303265	0.308039576800367
0.255163948459887	0.321464092510795
0.400247561170100	0.396460636732000
0.189337823188425	0.376433734431722
0.225713768246535	0.325138488839801
0.116928912960629	0.318708842315607
0.452242552989177	0.327543188253085
0.308447912198608	0.281779065473622
0.0119536022163436	0.341052630849098
0.211402599345024	0.265726211211494
0.0166392667412441	0.286215592995811
0.0393040391893647	0.238607692613681
0.150657225060757	0.232851497442617
0.303390787182434	0.247501647940613
0.0901891021037005	0.312425867316260
0.111585174108094	0.254104699044924
0.0696833449966184	0.287346512560190
0.176209176503939	0.257920305120607
0.244781393380397	0.215661148959932
0.00103657813836583	0.270337756758741
0.319872216173972	0.216311289189469
0.395292182815187	0.211148356680724
0.0529063652194440	0.279127704027957
0.367373144370064	0.243430360958237
0.434215165868253	0.253739453420328
0.154485987139303	0.280379292019178
0.335628040854669	0.235524772228534
0.138340252383910	0.288380253796898
0.161006630148625	0.273270355751898
0.153969229752991	0.217095960281681
0.223908661983820	0.266124218207992
0.251652832203378	0.346508443527299
0.0763729914356322	0.270417758582533
0.0535542850487021	0.259378035829331
0.117179665583726	0.247591496328064
0.0580387141306485	0.234666453747587
0.369746276959291	0.230582808819317
0.436897478755841	0.276268970462152
0.311148683878046	0.324613320165505
0.109313079393592	0.312633567620017
0.333486859657872	0.273785046074312
0.00504942026569194	0.346027351374108
0.202715739214518	0.252414651926643
0.405842268709750	0.226816337456869
0.371307450252731	0.270287855578107
0.0360084846806324	0.250550520760028
0.234970755879852	0.229761997760744
0.0931096054705786	0.354659249277829
0.183806174262477	0.300243269261616
0.417926559785624	0.262503573528180
0.114530057261291	0.424128619771378
0.240734732405052	0.289973553889385
0.0290931619671908	0.301678786076304
0.343765576619945	0.252117858611933
0.427769807147145	0.404109144863673
0.280959197672037	0.306362986315547
0.312462298271601	0.338812162164412
0.415796005366228	0.300079418716056
0.292230545713030	0.352375403355847
0.133806337010654	0.445855339324710
0.308080857697098	0.332884668568767
0.449459327647321	0.366443626513684
0.321562480775412	0.291855974863468
0.354501035956206	0.402852631292673
0.371541251771145	0.519660824605712
0.00741584929911116	0.507504882985078
0.313536803754551	0.353633162035537
0.264442803320091	0.470124616567853
0.263499505044201	0.451994966044280
0.161015640286319	0.382111824095452
0.315619836648253	0.366975292063226
0.490384627367688	0.498351371244524
0.492296283072344	0.591816069127638
0.290981151774898	0.673815094677385
0.325121668946857	0.626566054456052
0.136029230194039	0.445812288905590
0.0970431221337764	0.406078093169030
0.217608764940098	0.360083154056914
0.218372895816595	0.380519496699574
0.341561678279742	0.356931388765995
0.287900060217802	0.452787758020669
0.304552466186376	0.556114143198803
0.165892745862363	0.626601550771344
0.383095960303201	0.513445069106322
0.140905059911304	0.562162549198509
0.303283273800265	0.428398500642450
0.246309005748604	0.372122202670298
0.323304968249005	0.377793805345700
0.190979573875597	0.406639968144230
0.153601277229502	0.414443672387170
0.319929237896585	0.388277864148868
0.221887216309026	0.452833151603777
0.0790516775950212	0.393918837861121
0.0230915602963777	0.348492430021455
0.145075712668849	0.281654807589245
0.0113599786332443	0.304918807695099
0.473283636316954	0.252709259562603
0.125615394133766	0.451096840853040
0.217122488675892	0.354653831378793
0.404772584178251	0.321021773351729
0.490407322509335	0.447528993427225
0.291227464955647	0.478234146026143
0.468625465887482	0.364903910823637
0.116657779949685	0.291480962057292
0.381814644517270	0.264542290514496
0.0715883491815527	0.232574939079580
0.0219122175552610	0.260815766077111
0.135318486908941	0.227583999558702
0.337732926384313	0.249252851253759
0.478898054808204	0.418940419457143
0.401441487115970	0.645746386277495
0.420813515966397	0.579967193556095
0.254668781028377	0.672328705999566
0.455133944747650	0.475458064486180
0.0179779424488515	0.599041115572466
0.363897146132805	0.412285015980639
0.240134810965218	0.329264155877081
0.278319794509287	0.323414478946029
0.106252055788509	0.414115531291273
0.422471435453380	0.401409262848674
0.00299233610308591	0.572221678777790
0.209171773427666	0.410302151407076
0.0110507979013602	0.397566293057558
0.0239645209180421	0.312988317303749
0.467057890054691	0.259841622208976
0.0651713156982027	0.482697990828767
0.150349187961365	0.362502588920924
0.230874522239409	0.342878229930269
0.464791046657944	0.307490099478395
0.174437679780150	0.545978720404145
0.0631878352542041	0.373621298339025
0.270430133027098	0.302822900509816
0.104378714359217	0.251175991814337
0.0240452974484485	0.223588116385113
0.0155303308562701	0.222520242994166
0.261550318197035	0.206272675309841
0.461538148641538	0.253240577777575
0.169246416829920	0.374169014254973
0.106550755674371	0.387511348940192
0.484944375077374	0.304989841555240
0.0110350190973916	0.281683015576712
0.105353346913220	0.228529132524280
0.245343147035916	0.216289985573772
0.106004103990444	0.202922124328506
0.202224734415407	0.190518626240714
0.217019681171437	0.261700321100344
0.425278503693832	0.364104266434871
0.0572901358216285	0.368397238038982
0.108903061654886	0.271373662199866
0.228749711265821	0.297136642782132
0.322454700508908	0.232783134225170
0.373567286067812	0.251447151894611
0.199693630073087	0.346313050848259
0.379379772507136	0.283899895200985
0.466253287325075	0.340956546413946
0.454135211143332	0.405518424226362
0.283488726535619	0.575467485676878
0.356725314305876	0.394062935893066
0.287241561796105	0.343461785848690
0.0129552444491253	0.361206773220795
0.128994559169484	0.278473664709078
0.379274800509808	0.305682352828279
0.276360197008265	0.360871271954463
0.418091669243446	0.431381394796116
0.171572873564791	0.603718881395177
0.165522631749202	0.520541842375656
0.238178348577151	0.435207936980247
0.275906003161336	0.445803439968599
0.410760449808483	0.443703968601204
0.0153931994035447	0.333973807404637
0.178459166059408	0.272626441427431
0.0861334544236121	0.339933380109438
0.103904425369013	0.308863812474797
0.0495112118141057	0.321690757088125
0.180863618650681	0.274006781573478
0.471081908885227	0.277748845748001
0.488256650597187	0.399588024057288
0.0179909784031826	0.490234198423656
0.0403088667027709	0.343023842593427
0.348320465868878	0.261494865611562
0.00794342768208445	0.314695518229289
0.0814054219759991	0.247851892474136
0.160652049071951	0.227185217521279
0.498956193792136	0.215953774458890
0.225749131393456	0.333102868933319
0.444652717393390	0.411262495089527
0.484154860115323	0.615750570026000
0.483485267362825	0.404332743641299
0.454191011149282	0.318757089143489
0.0824847979949124	0.486331144579595
0.291204803794022	0.333819283739113
0.00376797029750303	0.295697378404373
0.376679806801018	0.243466551408674
0.407022726905564	0.499495850627865
0.335336488037606	0.486127326918729
0.436189981466122	0.569036172026220
0.0110520172290384	0.708486353887857
0.0497925625654365	0.474499277438931
0.288050582822482	0.381035497467853
0.140314166582898	0.335264089954197
0.0435650906825020	0.334402641264574
0.172763042356465	0.272923578086771
0.102702831627069	0.338234813417110
0.492147965769909	0.338577321715404
0.302119485202789	0.520880425106593
0.435341518894658	0.565231328736970
0.0526579486985596	0.397450257872737
0.316420631669798	0.301833365678246
0.349431200045048	0.384402271390854
0.0180760829177783	0.361694758965307
0.277643100003341	0.278694339419190
0.462203045043860	0.307951457112820
0.471265479319543	0.322022803737519
0.411216253802027	0.605347357174892
0.245911304718568	0.590405761375989
0.169009049292246	0.559181810057170
0.277173984220489	0.395987508429278
0.0557653319499192	0.431677962193439
0.294376470665356	0.350191485596095
0.121632796431592	0.286634664873463
0.0273962851901880	0.295808917950921
0.441794217689742	0.269046145265353
0.225703298373031	0.548256657949188
0.120105013213761	0.522463442267427
0.275384969682685	0.412056255597221
0.365776961532642	0.377311036150323
0.191485693247338	0.438645417559039
0.193041809916446	0.333850726679980
0.262242858583751	0.349399271696772
0.267671037213652	0.319636405466885
0.0430610446688367	0.268684006728913
0.150276365622091	0.260719971368098
0.462509037918530	0.279034011332504
0.466764829909051	0.316727859245535
0.308082052449914	0.440976349116225
0.178649684630383	0.475961797882607
0.118638247523567	0.377005705762783
0.109353257674008	0.311960527609167
0.231765961101189	0.289638766235974
0.259060084986916	0.328321858702696
0.162618569002817	0.270207656189754
0.464623085976367	0.262986162121138
0.373995296395418	0.545321685703222
0.167146973733926	0.624127195888692
0.0601424748427203	0.487012645044191
0.0259625544854760	0.358954402836058
0.343206645461517	0.281504640801551
0.387157434881968	0.293670912065721
0.465951312375298	0.377638243043347
0.00634634424499514	0.466668469041784
0.235427595169547	0.334137762071825
0.0757001611511167	0.431681514676000
0.472979790950403	0.362640314747221
0.236659654680193	0.400232899268572
0.129320802419625	0.317346834486878
0.186859824433004	0.257751097067681
0.380421083568716	0.318928999413703
0.238270575175793	0.473383453461270
0.394495190191912	0.497081167233020
0.0886920132892268	0.348812753177225
0.492134010276012	0.301227457285048
0.262756941153435	0.302114107638224
0.496988160880446	0.431123477626238
0.413853918321346	0.484399583837410
0.185879849879949	0.415992810208813
0.396708878857735	0.356577630160513
0.282541836064902	0.503409032986265
0.489872208041641	0.455559114212496
0.452615133981965	0.619851353789559
0.384741112470993	0.476930156884051
0.315079262012581	0.630760501598875
0.259271873239855	0.560906487429350
0.468298680278532	0.599972506462963
0.365651274335908	0.723826376088571
0.00585222462506713	0.612497380455968
0.0881283447439719	0.456902330479392
0.157969362217437	0.403281128077332
0.414125280123953	0.448780237969277
0.190637925935809	0.639964075073127
0.00816832854566840	0.579720895823113
0.380101544275709	0.441739581605596
0.352852101614349	0.501108901614969
0.339693324468352	0.633687601647498
0.194903633476036	0.648831049772531
0.405861496455756	0.470458263788364
0.433434695265061	0.417684181864830
0.162582904379853	0.436299326897883
0.0929030890711113	0.445720808519093
0.0398282041002377	0.376509006211804
0.130725863749655	0.306659801282111
0.381918867314425	0.338270032385906
0.487349461824354	0.481005464843013
0.321856302893553	0.602177691572641
0.450981558294773	0.510950772604068
0.396687407324226	0.639884050241618
0.206967876357027	0.695611091209957
0.482898573440670	0.527254967511698
0.221500634782696	0.455281968718990
0.327643563081609	0.362126615723049
0.105978042965845	0.361954285396391
0.375508597225237	0.359326193027740
0.396490583621871	0.572055740276523
0.225093868164851	0.608527817199283
0.366594405201006	0.589788922709692
0.188900973676363	0.647585614156005
0.0809079354486424	0.520629246640496
0.185805577409533	0.445069533787408
0.173451366230900	0.404794250729978
0.205056891884333	0.405288620583117
0.181436644897839	0.353783966669197
0.238107180713151	0.395129961192872
0.498493665809413	0.457799398644911
0.370233420664853	0.516173490590128
0.455186458520328	0.580671290620241
0.258996770753261	0.540418627882361
0.0625272939268111	0.418388103820710
7.80436938946361e-06	0.337447084769727
0.111381652581456	0.275641463092906
0.381491099331422	0.275949301673387
0.103845855421198	0.343888321832766
0.156875085434146	0.311466957707511
0.398298655419313	0.373936158840003
0.364880164093675	0.507676813913466
0.353473778128644	0.602095025979937
0.479923203901114	0.537976227978539
0.0462117893651733	0.413582702166055
0.0304256699548464	0.306371279654181
0.413140256255678	0.257481316515185
0.336148489042238	0.464258929427277
0.100245305224627	0.387247065615374
0.426072351762181	0.320351010859186
0.261761874791336	0.517470197883064
0.227920756818802	0.510140165027038
0.194704638708503	0.484001155474652
0.357143475102597	0.486978397486992
0.226256313799631	0.371846329638652