0.189041
0.224686
0.213944
0.274002
0.477127
0.310623
0.372635
0.290604
0.259842
0.244705
0.272049
0.198807
0.292557
0.505936
0.510819
0.358475
0.328690
0.431229
0.322342
0.381913
0.274002
0.312577
0.486405
0.516678
0.375565
0.318436
0.393143
0.291580
0.264237
0.241776
0.302811
0.270584
0.240311
0.473709
0.367264
0.334549
0.304276
0.263748
0.251053
0.528397
0.340897
0.259842
0.403885
0.359940
0.359940
0.304764
0.319413
0.379471
0.511307
0.480057
0.413163
0.375565
0.296952
0.596756
0.453690
0.408768
0.427323
0.516678
0.458573
0.403885
0.385819
0.317948
0.342362
0.339432
0.348221
0.549393
0.638260
0.469803
0.698319
0.616288
0.505936
0.409745
0.364334
0.378006
0.380936
0.577713
0.434647
0.582596
0.621659
0.670487
0.534256
0.483963
0.422440
0.349686
0.320877
0.316971
0.406815
0.346268
0.487870
0.460526
0.440506
0.299393
0.329178
0.233963
0.253983
0.340409
0.298416
0.260330
0.283768
0.345780
0.286209
0.365311
0.403885
0.311112
0.293534
0.322830
0.286698
0.253006
0.290116
0.346756
0.330155
0.422440
0.299881
0.267655
0.516678
0.508866
0.442459
0.327713
0.388260
0.455643
0.337967
0.304764
0.344315
0.439530
0.545487
0.439530
0.392655
0.533768
0.453690
0.342850
0.546463
0.454178
0.363358
0.302811
0.315506
0.287186
0.265702
0.312577
0.277420
0.316971
0.286698
0.229569
0.255936
0.478592
0.307694
0.249588
0.378983
0.352616
0.334061
0.324295
0.246659
0.353592
0.523514
0.376053
0.299881
0.361405
0.543045
0.421463
0.395096
0.308182
0.358475
0.373612
0.334549
0.351639
0.516190
0.446854
0.417069
0.356034
0.373123
0.441971
0.353104
0.327713
0.540604
0.570877
0.472733
0.387772
0.306229
0.359452
0.400955
0.341873
0.495682
0.672440
0.570877
0.456620
0.348221
0.270096
0.455155
0.411698
0.341873
0.467850
0.482987
0.459549
0.377030
0.295975
0.499588
0.450760
0.441971
0.330155
0.337479
0.316483
0.420975
0.312088
0.361893
0.338455
0.268143
0.548905
0.501053
0.376053
0.384354
0.445877
0.341873
0.542069
0.393631
0.319901
0.335526
0.345291
0.357498
0.423905
0.437577
0.477616
0.396561
0.295487
0.458084
0.332596
0.382889
0.435623
0.419022
0.382889
0.522049
0.375077
0.290116
0.579666
0.376053
0.401932
0.424881
0.381913
0.473709
0.474686
0.375565
0.457108
0.560623
0.381424
0.309647
0.269608
0.257889
0.388748
0.307694
0.262284
0.236405
0.296952
0.341385
0.281815
0.219803
0.207108
0.176834
0.195389
0.368729
0.259354
0.298416
0.293534
0.326737
0.290604
0.223709
0.218827
0.235916
0.401932
0.349198
0.275467
0.319413
0.515213
0.425370
0.316971
0.361405
0.364334
0.330643
0.253006
0.231034
0.302811
0.611405
0.421463
0.419510
0.317459
0.307694
0.298905
0.269120
0.456131
0.320389
0.282303
0.239823
0.350663
0.262284
0.416092
0.524002
0.428788
0.329178
0.276444
0.238846
0.453690
0.400955
0.331131
0.357010
0.585038
0.416580
0.299881
0.256424
0.325760
0.462479
0.359452
0.467362
0.374588
0.318924
0.291580
0.309159
0.270096
0.313553
0.462479
0.367264
0.501053
0.455643
0.334549
0.292069
0.320389
0.288163
0.269120
0.266190
0.329178
0.424881
0.411209
0.310135
0.280838
0.241776
0.252030
0.274979
0.239823
0.419510
0.385819
0.355057
0.272538
0.358475
0.296952
0.315018
0.469803
0.521561
0.573319
0.506424
0.546952
0.387772
0.416092
0.322342
0.374100
0.430741
0.616776
0.704178
0.618729
0.654373
0.646073
0.519608
0.398026
0.523514
0.477127
0.617264
0.549881
0.524491
0.682205
0.536209
0.451248
0.533280
0.673416
0.547440
0.521561
0.423905
0.359940
0.538163
0.533280
0.499588
0.607987
0.545487
0.456131
0.455643
0.345780
0.298905
0.337967
0.345291
0.386795
0.502030
0.440995
0.297440
0.472245
0.357010
0.296952
0.325272
0.304276
0.275955
0.285721
0.483963
0.318924
0.549881
0.616776
0.729080
0.691483
0.531815
0.419022
0.331620
0.566971
0.628006
0.590409
0.712967
0.705643
0.577225
0.534256
0.544510
0.398026
0.628983
0.641678
0.479569
0.489823
0.545487
0.405838
0.553299
0.419998
0.360916
0.500565
0.573319
0.419510
0.414627
0.380936
0.378006
0.334061
0.259842
0.346756
0.391678
0.558670
0.496170
0.428788
0.346756
0.310623
0.288163
0.357498
0.347733
0.409256
0.489334
0.358963
0.370682
0.348221
0.294510
0.253983
0.473221
0.421463
0.440018
0.440506
0.339920
0.361405
0.380936
0.600663
0.409256
0.617264
0.621170
0.572342
0.553788
0.441971
0.374100
0.442948
0.404862
0.378006
0.313553
0.283280
0.547440
0.402909
0.374100
0.324295
0.351151
0.301834
0.318436
0.255448
0.246659
0.262772
0.213944
0.366776
0.339920
0.286209
0.356522
0.400467
0.330643
0.275467
0.259842
0.288163
0.381424
0.511307
0.360428
0.396073
0.482987
0.481522
0.382401
0.447830
0.403397
0.314530
0.618729
0.567948
0.505936
0.543534
0.587967
0.451737
0.340897
0.381913
0.286209
0.420975
0.346268
0.359940
0.427323
0.362870
0.309647
0.249100
0.439530
0.311112
0.270096
0.260819
0.283280
0.274002
0.317459
0.377518
0.340409
0.534745
0.380936
0.342850
0.308670
0.393143
0.293045
0.325760
0.350174
0.285233
0.471268
0.625565
0.485916
0.383866
0.546463
0.549881
0.410233
0.472733
0.379959
0.389237
0.458084
0.421952
0.592850
0.649979
0.640213
0.487870
0.402909
0.536698
0.436112
0.461502
0.425858
0.601639
0.746170
0.679764
0.597733
0.453690
0.564530
0.428788
0.538651
0.445877
0.541580
0.633377
0.620682
0.541580
0.657303
0.507401
0.386307
0.521561
0.402420
0.389725
0.484452
0.425370
0.433670
0.640702
0.469803
0.307205
0.297928
0.299881
0.299881
0.253495
0.301834
0.241776
0.473709
0.386307
0.273026
0.258377
0.250077
0.260819
0.228104
0.376053
0.285233
0.350174
0.391190
0.295975
0.261795
0.260330
0.304276
0.247635
0.367264
0.361893
0.272538
0.436112
0.308670
0.276932
0.249588
0.274491
0.255936
0.478592
0.409256
0.315018
0.336502
0.380936
0.283280
0.287186
0.304764
0.319413
0.400955
0.376541
0.325760
0.317948
0.332108
0.293534
0.368729
0.253983
0.295975
0.232010
0.216385
0.255448
0.335038
0.275467
0.285721
0.260819
0.199784
0.273026
0.241288
0.211502
0.283768
0.250077
0.242752
0.278397
0.198319
0.288651
0.288163
0.236893
0.285721
0.324295
0.278397
0.281327
0.253006
0.247635
0.252030
0.322830
0.345291
0.331620
0.276932
0.321366
0.243241
0.228104
0.281815
0.260330
0.245194
0.356522
0.301834
0.260819
0.439041
0.287186
0.315995
0.239334
0.403885
0.328690
0.347245
0.342850
0.376053
0.435623
0.344803
0.381424
0.304764
0.403397
0.556229
0.550858
0.368729
0.496659
0.483475
0.443436
0.391678
0.529862
0.595780
0.673416
0.622147
0.435135
0.380448
0.359940
0.384354
0.380448
0.458573
0.560623
0.636795
0.491776
0.553299
0.404862
0.372635
0.384842
0.391678
0.411698
0.355057
0.409256
0.352616
0.313553
0.260819
0.326248
0.254471
0.423416
0.343338
0.295487
0.454666
0.485428
0.358963
0.304764
0.278397
0.229569
0.270584
0.238846
0.255448
0.418045
0.654862
0.585038
0.660721
0.484940
0.609940
0.419998
0.329178
0.319413
0.406327
0.396561
0.576737
0.404862
0.408280
0.307205
0.261307
0.487381
0.364823
0.333573
0.300370
0.544998
0.380448
0.294998
0.238846
0.231522
0.224686
0.206620
