-4.058594
-4.058105
-4.057617
-4.053711
-4.058105
-4.057617
-4.054688
-4.053711
-4.054688
-4.056152
-3.965332
-3.948242
-3.806152
-3.849609
-3.914551
-3.951660
-3.926758
-3.954590
-3.949707
-3.872559
-3.918945
-3.924316
-3.738770
-3.834961
-3.900879
-3.925293
-3.932617
-3.941406
-3.912598
-3.926270
-3.860840
-3.762207
-3.861816
-3.871094
-3.930176
-3.919434
-3.885742
-3.769043
-3.755371
-3.658203
-3.765137
-3.856445
-3.912109
-3.951660
-3.896973
-3.792480
-3.911133
-3.851074
-3.904297
-3.948730
-3.965332
-3.915527
-3.981934
-3.884766
-3.672363
-3.859863
-3.772949
-3.896973
-3.918945
-3.906250
-3.925781
-3.935547
-3.890137
-3.658691
-3.659668
-3.801270
-3.807617
-3.713867
-3.842285
-3.794922
-3.860352
-3.844727
-3.648438
-3.655273
-3.796875
-3.821777
-3.753906
-3.839355
-3.883789
-3.922363
-3.810059
-3.891602
-3.914062
-3.703125
-3.780762
-3.826660
-3.821289
-3.893555
-3.929199
-3.642578
-3.852539
-3.902832
-3.742676
-3.779297
-3.788574
-3.836914
-3.832031
-3.764648
-3.653809
-3.656738
-3.749023
-3.785156
-3.854492
-3.595703
-3.687500
-3.753906
-3.735840
-3.623047
-3.726074
-3.767090
-3.764648
-3.833008
-3.803711
-3.841797
-3.757812
-3.612793
-3.547363
-3.688965
-3.469238
-3.566406
-3.654297
-3.724609
-3.787109
-3.786621
-3.776855
-3.594727
-3.711914
-3.591309
-3.538574
-3.493652
-3.628906
-3.674805
-3.728516
-3.798828
-3.828613
-3.818359
-3.786621
-3.784668
-3.656250
-3.731445
-3.719727
-3.840332
-3.864746
-3.927246
-3.917480
-3.783691
-3.889648
-3.862305
-3.887695
-3.790039
-3.866699
-3.767090
-3.740234
-3.872559
-3.885742
-3.820801
-3.869141
-3.896484
-3.857422
-3.809570
-3.808594
-3.740234
-3.867676
-3.886230
-3.631836
-3.657227
-3.723145
-3.824219
-3.785645
-3.682129
-3.820312
-3.848633
-3.780762
-3.717773
-3.612793
-3.699707
-3.752930
-3.629883
-3.680664
-3.813965
-3.630371
-3.704590
-3.800293
-3.843262
-3.857910
-3.870117
-3.903320
-3.828125
-3.881348
-3.874023
-3.893555
-3.905762
-3.918457
-3.685547
-3.840332
-3.926270
-3.786133
-3.763672
-3.853027
-3.832031
-3.874512
-3.797363
-3.618652
-3.821289
-3.887207
-3.800781
-3.631348
-3.721191
-3.773438
-3.834961
-3.794922
-3.782227
-3.840332
-3.797363
-3.645996
-3.679199
-3.746094
-3.782715
-3.755859
-3.725098
-3.824219
-3.819824
-3.638184
-3.568359
-3.663574
-3.781738
-3.840332
-3.791504
-3.766602
-3.794922
-3.670898
-3.476074
-3.598633
-3.708984
-3.855957
-3.895508
-3.678223
-3.743164
-3.829102
-3.686035
-3.661133
-3.700684
-3.782227
-3.853027
-3.654297
-3.715332
-3.721680
-3.823730
-3.804199
-3.827637
-3.734375
-3.824707
-3.785156
-3.835938
-3.872559
-3.604980
-3.646484
-3.737305
-3.841309
-3.716797
-3.785156
-3.638672
-3.744141
-3.863770
-3.823242
-3.789062
-3.790527
-3.736328
-3.712402
-3.633789
-3.792480
-3.881836
-3.701660
-3.812988
-3.780762
-3.732422
-3.734863
-3.784180
-3.606934
-3.774414
-3.857422
-3.616211
-3.793945
-3.762207
-3.714844
-3.781250
-3.683594
-3.636230
-3.785156
-3.692383
-3.626953
-3.803711
-3.854980
-3.870117
-3.866211
-3.818359
-3.833496
-3.887207
-3.888184
-3.817871
-3.817871
-3.887695
-3.914551
-3.981934
-3.959961
-3.979492
-3.806641
-3.884277
-3.863281
-3.864258
-3.837891
-3.861816
-3.936035
-3.930176
-3.905273
-3.761230
-3.807617
-3.864746
-3.846191
-3.651855
-3.718262
-3.819824
-3.801758
-3.803711
-3.847656
-3.921875
-3.949219
-3.821289
-3.552246
-3.778809
-3.770996
-3.879395
-3.817383
-3.840820
-3.872070
-3.723633
-3.811035
-3.903320
-3.875000
-3.818848
-3.900391
-3.739746
-3.658203
-3.749023
-3.802246
-3.883301
-3.918457
-3.677734
-3.746094
-3.816895
-3.789551
-3.552246
-3.753906
-3.868164
-3.894043
-3.855469
-3.690430
-3.795410
-3.712891
-3.743652
-3.833984
-3.852539
-3.864746
-3.891113
-3.867676
-3.693848
-3.792480
-3.673340
-3.691895
-3.803223
-3.870117
-3.817871
-3.886719
-3.900879
-3.896484
-3.823242
-3.696777
-3.779297
-3.845215
-3.856445
-3.900391
-3.905762
-3.904785
-3.917969
-3.795898
-3.729004
-3.800293
-3.875488
-3.792969
-3.859375
-3.853027
-3.678711
-3.668945
-3.583496
-3.658203
-3.605957
-3.777832
-3.723633
-3.844727
-3.807129
-3.689453
-3.514160
-3.454102
-3.511230
-3.503906
-3.526855
-3.625000
-3.779297
-3.648438
-3.702637
-3.557129
-3.597168
-3.604492
-3.511719
-3.591309
-3.695801
-3.658203
-3.444336
-3.641602
-3.673828
-3.719238
-3.804199
-3.618164
-3.614746
-3.653809
-3.578613
-3.614746
-3.688477
-3.727051
-3.798340
-3.855469
-3.815430
-3.832520
-3.793945
-3.685547
-3.745117
-3.814941
-3.699707
-3.797852
-3.854980
-3.844238
-3.861328
-3.875488
-3.865723
-3.711426
-3.832031
-3.592285
-3.552734
-3.440918
-3.457031
-3.623535
-3.732422
-3.820801
-3.598633
-3.520508
-3.575684
-3.458496
-3.431152
-3.569336
-3.618652
-3.629395
-3.770508
-3.546387
-3.500488
-3.692871
-3.676270
-3.642578
-3.748047
-3.586914
-3.748047
-3.816895
-3.666016
-3.580078
-3.728516
-3.770020
-3.772461
-3.762207
-3.838379
-3.884277
-3.811523
-3.752441
-3.577637
-3.670898
-3.759766
-3.789551
-3.845215
-3.866699
-3.802734
-3.783203
-3.728027
-3.669434
-3.813477
-3.777832
-3.797852
-3.853516
-3.894043
-3.666504
-3.735352
-3.728027
-3.684570
-3.825195
-3.810547
-3.736328
-3.563965
-3.736816
-3.512695
-3.553711
-3.579102
-3.596680
-3.717285
-3.802734
-3.715820
-3.751953
-3.774902
-3.855957
-3.867676
-3.607422
-3.770020
-3.791016
-3.802734
-3.828613
-3.816406
-3.835449
-3.867676
-3.917969
-3.927734
-3.933105
-3.802734
-3.809570
-3.873047
-3.784668
-3.750488
-3.853516
-3.883301
-3.878418
-3.870605
-3.794922
-3.643555
-3.788086
-3.762695
-3.701660
-3.673828
-3.778809
-3.707520
-3.764160
-3.837891
-3.550781
-3.602051
-3.653320
-3.592285
-3.552246
-3.752441
-3.815918
-3.766602
-3.872559
-3.737793
-3.838867
-3.815918
-3.748535
-3.766602
-3.870605
-3.879395
-3.717773
-3.853027
-3.885254
-3.899902
-3.863770
-3.886719
-3.854980
-3.784668
-3.781250
-3.604980
-3.761230
-3.810547
-3.840820
-3.798828
-3.867188
-3.854980
-3.811523
-3.883789
-3.676758
-3.520508
-3.725098
-3.761719
-3.654297
-3.650391
-3.747559
-3.712402
-3.775391
-3.735840
-3.691895
-3.738770
-3.569824
-3.489746
-3.520020
-3.653320
-3.770996
-3.604980
-3.736816
-3.678223
-3.744141
-3.560547
-3.397461
-3.494629
-3.555176
-3.700684
-3.615723
-3.729980
-3.600098
-3.757324
-3.633301
-3.496094
-3.537109
-3.601074
-3.492188
-3.666992
-3.812012
-3.663086
-3.741699
-3.787109
-3.672363
-3.719727
-3.713379
-3.512207
-3.753418
-3.812012
-3.847656
-3.874023
-3.851074
-3.883301
-3.856934
-3.904297
-3.674805
-3.809082
-3.875977
-3.907715
-3.933105
-3.892090
-3.894043
-3.775879
-3.885742
-3.862793
-3.761719
-3.892578
-3.873047
-3.911133
-3.861328
-3.895508
-3.791016
-3.776367
-3.882324
-3.727051
-3.820801
-3.886719
-3.917480
-3.852051
-3.896973
-3.704590
-3.728027
-3.880371
-3.802246
-3.791504
-3.880859
-3.865234
-3.829102
-3.820312
-3.769531
-3.775391
-3.815918
-3.821289
-3.813965
-3.804688
-3.827148
-3.862793
-3.852539
-3.916992
-3.907715
-3.864258
-3.830566
-3.927734
-3.860352
-3.912598
-3.924316
-3.860352
-3.937500
-3.945801
-3.892578
-3.935547
-3.907227
-3.913086
-3.941895
-3.853027
-3.872070
-3.921387
-3.905762
-3.800781
-3.856934
-3.900391
-3.898438
-3.909180
-3.867188
-3.859375
-3.805664
-3.829590
-3.909180
-3.810059
-3.882324
-3.913574
-3.877441
-3.894531
-3.920898
-3.803711
-3.861328
-3.883789
-3.743652
-3.863281
-3.875488
-3.902344
-3.723145
-3.818359
-3.778320
-3.822266
-3.798340
-3.715820
-3.804688
-3.795898
-3.864746
-3.730469
-3.593262
-3.633789
-3.786133
-3.640137
-3.647461
-3.737793
-3.763672
-3.634766
-3.569336
-3.486816
-3.525391
-3.706055
-3.761230
-3.780762
-3.767578
-3.795410
-3.705566
-3.596680
-3.552734
-3.664551
-3.614258
-3.739258
-3.771973
-3.799316
-3.741211
-3.775879
-3.818359
-3.747559
-3.792969
-3.843750
-3.873535
-3.854004
-3.917969
-3.724609
-3.828613
-3.831543
-3.719727
-3.672852
-3.783203
-3.845215
-3.879883
-3.924805
-3.874023
-3.904785
-3.907227
-3.734375
-3.509277
-3.574707
-3.484863
-3.659180
-3.552734
-3.745117
-3.799805
-3.856445
-3.748535
-3.751953
-3.602539
-3.750000
-3.756348
-3.835938
-3.899414
-3.671387
-3.810547
-3.808594
-3.838867
-3.618652
-3.809082
-3.868164
-3.909668
-3.947266
-3.930664
-3.967285
